Notes:
  * Bank buttons only send on __change__
Change Commands:
  Bank 1: bf 01 01 00 5b 00 00 00
  Bank 2: bf 01 02 00 16 00 00 00
  Bank 3: bf 01 03 00 93 00 00 00
  Bank 4: bf 01 04 00 bd 00 00 00
Bank 1:
  Column 1:
    90 00 7f 00 8c 00 00 00
    80 00 00 00 40 00 00 00
    90 00 7f 00 02 00 00 00
    80 00 00 00 ac 00 00 00
    90 00 7f 00 c0 00 00 00
    80 00 00 00 7d 00 00 00
    90 00 7f 00 e4 00 00 00
    80 00 00 00 ac 00 00 00
  Column 2:
    90 00 7f 00 d6 00 00 00
    80 00 00 00 77 00 00 00
    90 00 7f 00 4c 00 00 00
    80 00 00 00 06 00 00 00
    90 00 7f 00 e4 00 00 00
    80 00 00 00 95 00 00 00
    90 00 7f 00 91 00 00 00
    80 00 00 00 41 00 00 00
  Column 3:
    90 00 7f 00 87 00 00 00
    80 00 00 00 58 00 00 00
    90 00 7f 00 55 00 00 00
    80 00 00 00 00 00 00 00
    90 00 7f 00 5e 00 00 00
    80 00 00 00 1a 00 00 00
    90 00 7f 00 5b 00 00 00
    80 00 00 00 48 00 00 00
  Column 4:
    90 00 7f 00 a3 00 00 00
    80 00 00 00 63 00 00 00
    90 00 7f 00 b9 00 00 00
    80 00 00 00 63 00 00 00
    90 00 7f 00 68 00 00 00
    80 00 00 00 27 00 00 00
    90 00 7f 00 4a 00 00 00
    80 00 00 00 38 00 00 00
Bank 2:
  Column 1:
    90 00 7f 00 5a 00 00 00
    80 00 00 00 49 00 00 00
    90 00 7f 00 32 00 00 00
    80 00 00 00 0f 00 00 00
    90 00 7f 00 f0 00 00 00
    80 00 00 00 d4 00 00 00
    90 00 7f 00 b0 00 00 00
    80 00 00 00 9a 00 00 00
  Column 2:
    90 00 7f 00 d9 00 00 00
    80 00 00 00 c6 00 00 00
    90 00 7f 00 c0 00 00 00
    80 00 00 00 ad 00 00 00
    90 00 7f 00 bb 00 00 00
    80 00 00 00 aa 00 00 00
    90 00 7f 00 c2 00 00 00
    80 00 00 00 a8 00 00 00
  Column 3:
    90 00 7f 00 4d 00 00 00
    80 00 00 00 25 00 00 00
    90 00 7f 00 5f 00 00 00
    80 00 00 00 21 00 00 00
    90 00 7f 00 2b 00 00 00
    80 00 00 00 ed 00 00 00
    90 00 7f 00 d9 00 00 00
    80 00 00 00 c9 00 00 00
  Column 4:
    90 00 7f 00 23 00 00 00
    80 00 00 00 21 00 00 00
    90 00 7f 00 e5 00 00 00
    80 00 00 00 b1 00 00 00
    90 00 7f 00 ba 00 00 00
    80 00 00 00 a9 00 00 00
    90 00 7f 00 76 00 00 00
    80 00 00 00 94 00 00 00
Bank 3:
  Column 1:
    90 00 7f 00 df 00 00 00
    80 00 00 00 ab 00 00 00
    90 00 7f 00 9c 00 00 00
    80 00 00 00 79 00 00 00
    90 00 7f 00 50 00 00 00
    80 00 00 00 21 00 00 00
    90 00 7f 00 df 00 00 00
    80 00 00 00 ae 00 00 00
  Column 2:
    90 00 7f 00 a3 00 00 00
    80 00 00 00 ad 00 00 00
    90 00 7f 00 96 00 00 00
    80 00 00 00 81 00 00 00
    90 00 7f 00 75 00 00 00
    80 00 00 00 27 00 00 00
    90 00 7f 00 2f 00 00 00
    80 00 00 00 15 00 00 00
  Column 3:
    90 00 7f 00 b1 00 00 00
    80 00 00 00 84 00 00 00
    90 00 7f 00 a4 00 00 00
    80 00 00 00 a0 00 00 00
    90 00 7f 00 87 00 00 00
    80 00 00 00 6a 00 00 00
    90 00 7f 00 77 00 00 00
    80 00 00 00 49 00 00 00
  Column 4:
    90 00 7f 00 0c 00 00 00
    80 00 00 00 40 00 00 00
    90 00 7f 00 4b 00 00 00
    80 00 00 00 3b 00 00 00
    90 00 7f 00 2c 00 00 00
    80 00 00 00 0d 00 00 00
    90 00 7f 00 e8 00 00 00
    80 00 00 00 d9 00 00 00

Bank 4:
  Column 1:
    90 00 7f 00 22 00 00 00
    80 00 00 00 08 00 00 00
    90 00 7f 00 e6 00 00 00
    80 00 00 00 b9 00 00 00
    90 00 7f 00 8c 00 00 00
    80 00 00 00 5a 00 00 00
    90 00 7f 00 f1 00 00 00
    80 00 00 00 b8 00 00 00
  Column 2:
    90 00 7f 00 bd 00 00 00
    80 00 00 00 b2 00 00 00
    90 00 7f 00 87 00 00 00
    80 00 00 00 81 00 00 00
    90 00 7f 00 3c 00 00 00
    80 00 00 00 ed 00 00 00
    90 00 7f 00 e2 00 00 00
    80 00 00 00 c1 00 00 00
  Column 3:
    90 00 7f 00 6e 00 00 00
    80 00 00 00 4a 00 00 00
    90 00 7f 00 95 00 00 00
    80 00 00 00 59 00 00 00
    90 00 7f 00 44 00 00 00
    80 00 00 00 12 00 00 00
    90 00 7f 00 f9 00 00 00
    80 00 00 00 d2 00 00 00
  Column 4:
    90 00 7f 00 26 00 00 00
    80 00 00 00 35 00 00 00
    90 00 7f 00 45 00 00 00
    80 00 00 00 17 00 00 00
    90 00 7f 00 dd 00 00 00
    80 00 00 00 d1 00 00 00
    90 00 7f 00 b6 00 00 00
    80 00 00 00 da 00 00 00
